First Name;Last Name;Company Name;Role In Company;Address;E-Mail;Phone Number
"George";"Webb";"Genentech";"Computer Systems Analyst";"8283 manchester road";"gwebb@genentech.rodeo";"42660450278";
"William";"Turner";"FedEx";"Web Developer";"4687 station road";"wturner@fedex.gives";"26386053664";
"Willow";"Simpson";"VMware";"Paramedic";"6093 highfield road";"wsimpson@vmware.accountant";"56296607372";
"George";"Wilkinson";"Nvidia";"Accountant";"7702 main street";"gwilkinson@nvidia.durban";"41478561405";
"Finlay";"Mason";"Publix Super Markets";"Medical Assistant";"2180 manor road";"fmason@publixsupermarkets.insure";"24203399331";
"Joshua";"Watson";"Mayo Clinic";"Cost Estimator";"7003 chester road";"jwatson@mayoclinic.trade";"89632176784";
"Faith";"Mason";"Allianz Life Insurance Company of North America";"Loan Officer";"6217 west street";"fmason@allianzlifeinsurancecompanyofnorthamerica.business";"89176067938";
"Theodore";"Johnson";"Cadence";"Advisor";"6239 the crescent";"tjohnson@cadence.istanbul";"37220724537";
"Isaac";"Hodgson";"Hilcorp";"Massage Therapist";"6064 the crescent";"ihodgson@hilcorp.yoga";"82710356805";
"Stanley";"Lee";"Atlantic Health System";"Brickmason & Blockmason";"3952 london road";"slee@atlantichealthsystem.show";"97669471586";
"Callum";"Gibson";"Genentech";"Registered Nurse";"5922 st. john's road";"cgibson@genentech.reisen";"91862767767";
"Albert";"Miller";"Whole Foods Market";"Real Estate Agent";"8645 victoria street";"amiller@wholefoodsmarket.tv";"70415244288";
"Willow";"Pearson";"The Cheesecake Factory";"Marriage & Family Therapist";"6748 broadway";"wpearson@thecheesecakefactory.foundation";"12245882423";
"Freya";"Green";"Publix Super Markets";"Management Analyst";"5103 george street";"fgreen@publixsupermarkets.delivery";"13588464786";
"Darcie";"Anderson";"TEKsystems";"Dental Hygienist";"5366 queensway";"danderson@teksystems.systems";"73859470938";
"Jamie";"Lloyd";"Hilton";"Auto Mechanic";"5687 main street";"jlloyd@hilton.flights";"96401681699";
"Sonny";"Gardner";"IKEA Holding U.S.";"Advisor";"1188 queens road";"sgardner@ikeaholdingus.buzz";"86334682516";
"Rory";"Hayes";"TEKsystems";"Fabricator";"2918 broadway";"rhayes@teksystems.de";"44152371208";
"Noah";"Richards";"Stryker";"IT Manager";"1938 green lane";"nrichards@stryker.band";"72208927436";
"Tommy";"Yates";"Sugarwell";"Plumber";"7820 king street";"tyates@sugarwell.site";"12320345239";
